; Photoplehtysmograph v.2.0 (build 3)
; Time: 30.03.2005 12:30:01
; Data interval: 25ms  (frequency: 40Hz)
; Number of samples: 1051
 00142
 00127
 00107
 00103
 00078
 00098
 00146
 00190
 00205
 00200
 00195
 00171
 00132
 00112
 00078
 00103
 00132
 00127
 00112
 00122
 00137
 00132
 00122
 00156
 00190
 00195
 00200
 00190
 00200
 00249
 00322
 00361
 00332
 00264
 00254
 00244
 00225
 00210
 00186
 00103
 00049
 00029
 00049
 00078
 00088
 00083
 00068
 00063
 00063
 00054
 00024
 00015
 00029
 00068
 00093
 00088
 00103
 00098
 00083
 00059
 00044
 00034
 00063
 00073
 00083
 00107
 00107
 00088
 00073
 00068
 00093
 00176
 00273
 00322
 00337
 00327
 00303
 00288
 00303
 00308
 00283
 00220
 00195
 00176
 00195
 00176
 00161
 00137
 00146
 00132
 00112
 00063
 00049
 00054
 00073
 00103
 00103
 00103
 00093
 00088
 00068
 00098
 00122
 00122
 00107
 00107
 00103
 00103
 00088
 00098
 00078
 00054
 00044
 00078
 00156
 00269
 00317
 00337
 00317
 00283
 00239
 00249
 00254
 00244
 00190
 00137
 00093
 00122
 00132
 00151
 00122
 00117
 00112
 00098
 00073
 00059
 00039
 00039
 00034
 00054
 00063
 00049
 00029
 00029
-00005
 00010
 00005
 00024
 00044
 00078
 00078
 00093
 00112
 00107
 00112
 00127
 00176
 00229
 00278
 00332
 00342
 00332
 00332
 00313
 00303
 00254
 00220
 00161
 00137
 00142
 00117
 00083
 00044
 00063
 00083
 00137
 00146
 00127
 00098
 00107
 00122
 00117
 00132
 00142
 00176
 00200
 00200
 00151
 00132
 00146
 00151
 00117
 00059
 00015
 00029
 00063
 00078
 00068
 00054
 00098
 00127
 00137
 00181
 00215
 00293
 00347
 00371
 00347
 00288
 00249
 00249
 00234
 00161
 00127
 00093
 00088
 00112
 00098
 00103
 00103
 00122
 00122
 00088
 00044
-00015
 00000
 00029
 00024
-00010
 00000
 00020
 00059
 00059
 00039
 00063
 00098
 00107
 00098
 00073
 00103
 00146
 00151
 00112
 00127
 00127
 00112
 00068
 00054
 00059
 00122
 00156
 00181
 00186
 00186
 00205
 00225
 00259
 00278
 00273
 00225
 00190
 00156
 00156
 00166
 00166
 00161
 00171
 00186
 00161
 00151
 00103
 00093
 00093
 00083
 00068
 00068
 00103
 00142
 00122
 00059
 00029
 00039
 00029
 00020
 00044
 00093
 00132
 00112
 00098
 00088
 00093
 00083
 00063
 00063
 00112
 00205
 00308
 00317
 00303
 00269
 00249
 00210
 00181
 00142
 00146
 00151
 00171
 00156
 00181
 00186
 00176
 00132
 00083
 00063
 00078
 00112
 00146
 00142
 00142
 00107
 00093
 00107
 00103
 00112
 00112
 00107
 00103
 00068
 00063
 00083
 00132
 00103
 00049
 00029
 00049
 00078
 00122
 00127
 00156
 00195
 00283
 00308
 00264
 00259
 00264
 00269
 00225
 00161
 00127
 00122
 00093
 00068
 00054
 00044
 00093
 00142
 00142
 00098
 00088
 00112
 00127
 00156
 00107
 00088
 00068
 00117
 00151
 00146
 00127
 00117
 00151
 00156
 00112
 00093
 00073
 00093
 00078
 00024
-00034
-00063
-00029
 00020
 00024
 00039
 00132
 00259
 00342
 00327
 00283
 00273
 00293
 00278
 00190
 00146
 00137
 00151
 00142
 00137
 00137
 00176
 00205
 00186
 00142
 00117
 00137
 00186
 00195
 00195
 00181
 00190
 00215
 00205
 00132
 00078
 00078
 00088
 00107
 00068
 00034
 00020
 00044
 00073
 00083
 00078
 00078
 00103
 00107
 00112
 00181
 00234
 00322
 00361
 00332
 00264
 00200
 00171
 00161
 00122
 00093
 00073
 00112
 00161
 00181
 00176
 00117
 00122
 00137
 00146
 00127
 00103
 00117
 00161
 00186
 00146
 00098
 00078
 00112
 00161
 00151
 00103
 00083
 00122
 00166
 00195
 00181
 00151
 00166
 00137
 00068
 00000
-00024
-00005
 00063
 00146
 00195
 00234
 00283
 00259
 00220
 00210
 00220
 00225
 00181
 00117
 00073
 00073
 00107
 00122
 00112
 00093
 00103
 00151
 00146
 00127
 00083
 00073
 00098
 00107
 00093
 00068
 00059
 00068
 00049
-00005
-00049
-00063
-00049
-00015
-00005
 00000
 00029
 00083
 00112
 00117
 00093
 00063
 00098
 00127
 00195
 00229
 00205
 00190
 00176
 00181
 00176
 00146
 00098
 00103
 00112
 00146
 00161
 00181
 00210
 00215
 00171
 00107
 00098
 00117
 00132
 00112
 00078
 00078
 00127
 00190
 00259
 00239
 00186
 00166
 00166
 00137
 00103
 00078
 00107
 00151
 00146
 00103
 00054
 00034
 00039
 00024
 00000
 00029
 00122
 00254
 00317
 00293
 00249
 00264
 00278
 00244
 00220
 00215
 00229
 00239
 00195
 00176
 00171
 00200
 00234
 00215
 00156
 00098
 00098
 00122
 00137
 00088
 00068
 00068
 00098
 00088
 00034
 00005
 00000
 00015
 00039
 00010
 00015
 00029
 00073
 00112
 00088
 00029
 00029
 00024
 00034
 00020
 00005
 00059
 00146
 00249
 00317
 00347
 00356
 00303
 00269
 00269
 00278
 00278
 00225
 00156
 00151
 00186
 00190
 00146
 00098
 00034
 00020
 00039
 00044
 00039
 00005
 00005
 00034
 00059
 00029
 00029
 00020
 00020
 00044
 00054
 00063
 00078
 00078
 00078
 00078
 00098
 00122
 00103
 00083
 00063
 00044
 00034
 00024
 00078
 00166
 00264
 00317
 00347
 00332
 00298
 00273
 00234
 00215
 00195
 00205
 00176
 00127
 00122
 00127
 00132
 00122
 00103
 00093
 00078
 00054
 00059
 00103
 00146
 00146
 00103
 00107
 00112
 00122
 00112
 00088
 00122
 00200
 00254
 00254
 00205
 00142
 00112
 00073
 00044
 00024
 00010
 00005
-00020
-00020
 00054
 00171
 00215
 00249
 00254
 00273
 00293
 00278
 00264
 00254
 00215
 00190
 00156
 00142
 00142
 00146
 00151
 00132
 00107
 00112
 00117
 00137
 00122
 00103
 00103
 00127
 00137
 00122
 00098
 00088
 00117
 00112
 00078
 00029
 00034
 00024
 00000
 00020
 00068
 00068
 00044
 00010
 00005
-00005
 00029
 00098
 00205
 00283
 00332
 00366
 00356
 00313
 00278
 00269
 00273
 00269
 00239
 00190
 00151
 00127
 00107
 00117
 00103
 00117
 00098
 00093
 00083
 00078
 00088
 00083
 00093
 00083
 00049
 00005
-00024
-00020
-00024
-00020
-00010
 00000
 00005
 00015
 00044
 00063
 00063
 00088
 00103
 00122
 00190
 00225
 00264
 00298
 00322
 00332
 00337
 00308
 00288
 00278
 00249
 00249
 00254
 00220
 00176
 00142
 00137
 00107
 00093
 00068
 00054
 00044
 00039
 00059
 00054
 00049
 00039
 00088
 00107
 00117
 00127
 00142
 00122
 00122
 00107
 00103
 00112
 00103
 00078
 00054
 00039
 00059
 00049
 00059
 00112
 00195
 00278
 00337
 00337
 00347
 00327
 00317
 00303
 00254
 00239
 00220
 00244
 00210
 00190
 00190
 00195
 00205
 00166
 00098
 00068
 00078
 00088
 00083
 00044
 00010
 00049
 00073
 00063
 00083
 00093
 00107
 00098
 00068
 00034
 00029
 00029
 00059
 00059
 00044
 00034
 00044
 00078
 00107
 00171
 00234
 00303
 00322
 00322
 00317
 00308
 00352
 00352
 00303
 00269
 00239
 00229
 00181
 00117
 00073
 00083
 00098
 00098
 00098
 00112
 00132
 00137
 00122
 00088
 00078
 00078
 00049
 00059
 00068
 00068
 00054
 00068
 00068
 00039
 00020
 00000
-00005
 00005
 00029
 00034
 00000
-00039
-00044
 00049
 00171
 00259
 00303
 00313
 00303
 00293
 00278
 00254
 00195
 00127
 00073
 00044
 00034
 00044
 00049
 00068
 00088
 00122
 00142
 00117
 00073
 00054
 00068
 00093
 00107
 00107
 00107
 00088
 00054
 00029
 00005
-00005
-00005
 00010
 00024
 00024
 00000
-00005
-00005
-00010
 00005
 00034
 00137
 00205
 00244
 00259
 00269
 00269
 00273
 00264
 00205
 00151
 00107
 00107
 00107
 00088
 00107
 00093
 00083
 00068
 00078
 00068
 00103
 00137
 00146
 00146
 00137
 00132
 00122
 00098
 00117
 00117
 00098
 00083
 00083
 00083
 00073
 00054
 00054
 00039
 00059
 00049
 00059
 00063
 00093
 00151
 00239
 00293
 00317
 00322
 00273
 00259
 00239
 00229
 00229
 00225
 00200
 00166
 00151
 00161
 00171
 00156
 00127
 00127
 00146
 00195
 00215
 00225
 00269
 00308
 00273
 00215
 00127
 00059
 00039
 00015
-00020
-00054
-00063
-00098
-00098
-00112
-00103
-00083
-00024
-00005
-00024
-00039
-00010
 00059
 00137

